50 image ids:
5512
13009
12443
225
16503
4984
3686
5235
5268
5215
6393
1657
352
1046
2
19861
18433
18106
2625
14558
12363
4541
2360
11684
19179
18386
1270
21182
10629
3783
3835
16999
19242
726
10963
8160
10737
9283
16265
21493
17640
21246
12599
1452
3891
7680
21292
5818
2874
11725

mAPs of each network:
[0.814013774686122, 0.7888643066506303, 0.7803584829096853, 0.7563522711535873, 0.7922231409925089,
0.7900709311462122, 0.7700491066887386, 0.8134057475808865, 0.8039042450111641, 0.7937768178212633]